3333333311333 10013
HUIUS 701ss 333311 EST 111 001111771774310
3313 3131331333133 4313411313
11133 313313333133

ΑΜΜ111 mm, ΑΜΜ111 wm.

p. 1, 71 15⁸7] 1125 (p. 41, 7. 13) ²3⁶3:
3333 114) 112. 1133 (1144, 1. 13) 107.
. 30. 1152 (p. 43, 7. 39) 137, 3. 4.
33, 333. 1133 (p. 43, 7. 4) 137, 3. 4.
115. 1152 (1143, 13331.) 32. 31.
113. 1133 (1143, 1, 33333.) 32. 31.
333313. 1131 (p. 49) 72. 172, 3. 3.
30. ,1133113113 31. 115.
113. 1133 (p. 50) 70.
115. 1132 (1350, 113) 1311313.
115. 1133 (1251, 7. 3) 70.
114. 1170 (p. 51) 70. 113, 3.3;
113. 131, 33. 4.
113, 313. 1130 (p. 52, 7. 9) 33111133.
113, 313. 1131. 1133 (ρ. 33) 13, 3, 1;
Πᾶηᾶ Ham&
33, 31. 1133 (p. 33, 113) 70, 33. 3. 33.
30. 1133 (p. 33, 113) 33. 117.
. . 3311313. 1133 (p. 33, 133) 123.
37, 334. 1134 ( ,33 3) 13, 313.
31, 313. 1133 ,33 33) 73.
33. 1131 ,1 13) 14, 33, 3.
1333 p. ,.. 33. 1131 1 1)3) 14.
3
7

(3 3
(1.3
(33
(10,
(0- 7
(2-

(p. 3
(2- 3
(p. 7
(0. 3
(3. 3
(31 3
(4³- 3
(3. 3
(Ρ 7
(3

(3

(3

1oe9

ἒς
*e

,N
*e

1033 (0039, 7. 31) 113, 333. 1133 74.
1033 1333, 133) 33133113. 1133 3) 33.
113, 313. 1133 3 103. 143313.
1100 (1440, 71) 31, 33.3; 1133 33) 14.
113, 334. 1200 (1373, 11) 32, 33, 4. 31.
1106 13. 403 1. 1ο) 33. 1331 (p. 13 31.) 33113134
1107 (1240, 113) 31, 313, 1201 (1377, 715) 1183 3343
113, 4. 4. 1203 (2-78014) 35.113.135.
1124 (1341) 33, 3. 5. 1203 (1113, 1. 3) 140, n·3·

7
7
7
7
7
7
7
7

1

1
01
11
41
41
51
51

ἓὲῑὶῗὲῗῆῧᾱῠε

J
J
7
J

 

